0000000000000000
0000000000000000
0000000010011100
0000000010101100
0000000110000000
0000000101111000
0000001001111000
0000001101001100
0000000111111000
0000001010110000
0000001101001100
0000010001110100
0000010111111100
0000001110110100
0000010100010100
0000010110010100
0000001100110000
0000010110000000
0000000101111000
0000001111100100
0000001000011100
0000010010010000
0000000101011000
0000010010000000
0000001010111100
0000001110011000
0000010100000100
0000001011010100
0000010000001100
0000001000110100
0000001100000100
0000001010100100
0000000111010000
0000001010101000
0000001100010000
0000001001111000
0000010001110100
0000001110010100
0000010000010000
0000001110111000
0000010011101100
0000010111110100
0000010000101100
0000010100101000
0000010101101100
0000010110001000
0000010000000100
0000001110101000
0000000101010100
0000010001111000
0000001000001000
0000001101111000
0000001111110000
0000010101100000
0000010010001000
0000010010101000
0000010001000100
0000010011001000
0000000111101000
0000010010010000
0000001110001100
0000001010111000
0000001000111100
0000000111000100
0000001000111100
0000000110001000
0000000110011000
0000001000110000
0000001110000000
0000001111010000
0000010100101100
0000011000101100
0000010111001100
0000010101101000
0000010111011000
0000001111011000
0000011000110000
0000000100111100
0000010110100100
0000000101001000
0000001101010000
0000001001001000
0000001010100000
0000001100001100
0000001111011100
0000001110110000
0000010111101100
0000001110001000
0000010100010000
0000010001110100
0000010111000100
0000010000101100
0000011000011100
0000010001011100
0000010101110000
0000001000110000
0000010100100000
0000001010001000
0000010010001000
0000010001100000
0000010010000000
0000001111011000
0000001111101100
0000010000110100
0000001011011100
0000001011001000
0000010100110100
0000010100111000
0000001110111000
0000011000101100
0000001111100100
0000010010001000
0000001010010100
0000001011011000
0000001110000000
0000010011010000
0000010010100000
0000010011111100
0000010100101000
0000001101011100
0000011001000000
0000001111000100
0000010011010100
0000010001011100
0000010011110100
0000000110100000
0000010010010000
0000001000110000
0000010010101000
0000010000111100
0000001001100100
0000010100000100
0000001000100100
0000001010100100
0000000101101100
0000001011000000
0000001001110100
0000000111101000
0000010000100100
0000001101010100
0000010010111000
0000010011001000
0000010111100100
0000010010100100
0000010011100000
0000011010100000
0000001100001000
0000011000001100
0000010010111000
0000010110110100
0000010001101000
0000001110100100
0000001111111100
0000001001011100
0000001001111000
0000001001101000
0000001011001000
0000010000011000
0000001001111000
0000001111001000
0000001110100100
0000001110011100
0000010100011000
0000010011111000
0000010010010000
0000010000111000
0000001011110000
0000010111110000
0000001110010100
0000010011010100
0000010100011000
0000001010001100
0000010010000100
0000001101011100
0000001010011100
0000001001010100
0000001001001000
0000001011000000
0000010011001000
0000010000001000
0000011000110100
0000001100111000
0000010100010000
0000010001010100
0000001111110100
0000001011100100
0000010000100000
0000010000011000
0000001100101000
0000001110010100
0000010010111000
0000000110110100
0000010001100000
0000001100010100
0000001001111100
0000010110011000
0000001111100100
0000010000111000
0000001011100000
0000010101000000
0000001010101100
0000010001001100
0000010001010000
0000001100010100
0000001111001100
0000001010001100
0000001101101100
0000001001111000
0000010001111100
0000001001001100
0000001010100000
0000001110100000
0000001101010100
0000010010101000
0000010101010100
0000010100110100
0000010010010000
0000010001010100
0000001101101100
0000010110000000
0000001110101000
0000010100000000
0000000111000000
0000001010110100
0000001011011000
0000001000011100
0000010000001000
0000001010010100
0000001000111100
0000010000001000
0000001111111100
0000010000010000
0000010101110000
0000010001110000
0000010011100100
0000001011101100
0000010010101100
0000001011101100
0000010001000000
0000001110100000
0000010000101000
0000001001011100
0000001111001100
0000001011011000
0000010000101100
0000010011010100
0000001011101100
0000011000011000
0000001101100100
0000010111001100
0000010100010000
0000010010111100
0000010001001000
0000001101111100
0000010111100000
0000010000101100
0000010101011100
0000010010111000
0000011001011100
0000010010010100
0000010011101100
0000010010001000
0000010000110100
0000010010011100
0000000110000000
0000001111000100
0000001001001000
0000010110000000
0000001110011100
0000010101001000
0000011000001000
0000001110101000
0000011001011000
0000010100010100
0000010110101000
0000001101001000
0000001110011000
0000001010101000
0000001100000000
0000001110010000
0000001010111100
0000001001101000
0000001111111100
0000000101111100
0000001110010000
0000001000110000
0000001001111100
0000001110110000
0000001101000100
0000001101100100
0000010001111000
0000001011110100
0000011000000100
0000010100100000
0000010100000000
0000010011010000
0000010010010000
0000010010001100
0000001100010100
0000001100001000
0000001100001100
0000010011101100
0000001101011000
0000010010000000
0000010001000000
0000011000010100
0000000110000000
0000010101010000
0000000101100000
0000001100100000
0000001010001100
0000001111001100
0000001000111100
0000010010000000
0000001100110000
0000010011110000
0000000110111100
0000001000010000
0000001000000100
0000000101110000
0000001011101000
0000000101011000
0000010011111100
0000001101101100
0000011001000000
0000010010010000
0000011000001100
0000010010110100
0000010110100000
0000001001111000
0000011001110100
0000001101011100
0000011000000100
0000001010010100
0000010010111100
0000001011000000
0000010000111000
0000010001000000
0000000110100100
0000001100101000
0000001001010000
0000000111010100
0000001001001100
0000001101100000
0000001101101000
0000010011001000
0000010101101100
0000010001101100
0000010101001000
0000010100010100
0000010111101100
0000010100011000
0000010011100100
0000010011010000
0000010101010000
0000001101000100
0000010111110100
0000001110111000
0000010000001100
0000001110011000
0000001111010100
0000001000110000
0000001100010000
0000001011111000
0000010101011100
0000001111111100
0000010010000000
0000001101101100
0000010100011100
0000001101111000
0000010000001100
0000001001110100
0000001100000000
0000010000001000
0000001010111100
0000010010011100
0000001011010100
0000010110011000
0000001111010000
0000010100100000
0000010101000000
0000010001000100
0000011011011100
