0000010010110000
0000001001110000
0000001010110000
0000000100100000
0000000010000000
0000000001010000
0000010000100000
0000001111100000
0000000100000000
0000010010000000
0000001101110000
0000001101010000
0000010011110000
0000000000110000
0000001000100000
0000001001110000
0000001011110000
0000000001110000
0000001101010000
0000000001000000
0000001011010000
0000001110010000
0000001001110000
0000001100010000
0000000100010000
0000001101000000
0000000111100000
0000000010000000
0000000111100000
0000000101010000
0000000100110000
0000001100100000
0000001010100000
0000001000010000
0000000100010000
0000010001010000
0000010001010000
0000000101110000
0000001100010000
0000001111100000
0000010011000000
0000010010100000
0000000111110000
0000000011010000
0000010000000000
0000000010010000
0000000011010000
0000000111000000
0000010001000000
0000001011110000
0000001011110000
0000010010100000
0000001011100000
0000000000010000
0000010000010000
0000001100010000
0000001001100000
0000000101010000
0000000101010000
0000001001100000
0000000100100000
0000000001000000
0000000011100000
0000000101010000
0000000100000000
0000001100000000
0000010000100000
0000010000010000
0000010000000000
0000001110010000
0000010001010000
0000001111100000
0000000100000000
0000010011110000
0000000001110000
0000001101000000
0000000100010000
0000000101000000
0000000110110000
0000000100000000
0000001010010000
0000010011000000
0000001000000000
0000001011110000
0000001100010000
0000001110010000
0000001000000000
0000010001010000
0000010010100000
0000001111000000
0000000101110000
0000010000000000
0000000010110000
0000001010000000
0000001100010000
0000001110000000
0000000111110000
0000001110100000
0000010001110000
0000000001000000
0000000010110000
0000010001010000
0000001000100000
0000001000010000
0000010011010000
0000001111000000
0000010011100000
0000000100110000
0000000010000000
0000000111110000
0000001010000000
0000001011100000
0000010011100000
0000001001110000
0000001000000000
0000010100000000
0000000101010000
0000001101010000
0000010011010000
0000001101100000
0000000110000000
0000001010100000
0000000000000000
0000010001110000
0000001000000000
0000000110000000
0000010011000000
0000001001010000
0000000101110000
0000000001110000
0000001011110000
0000000011000000
0000000001100000
0000001011100000
0000000101110000
0000000111010000
0000001110100000
0000010001010000
0000000111000000
0000010011010000
0000010011000000
0000000100000000
0000001111010000
0000001100010000
0000010010100000
0000001100000000
0000001110000000
0000001110110000
0000000111110000
0000000101000000
0000000000110000
0000001001100000
0000001101000000
0000000101100000
0000001010010000
0000000101000000
0000000110000000
0000001101000000
0000010001110000
0000010001010000
0000000100010000
0000001000000000
0000010001110000
0000000101010000
0000010011010000
0000001100100000
0000000011010000
0000010000100000
0000001101000000
0000001011000000
0000000101000000
0000000000110000
0000000100110000
0000000111010000
0000001100110000
0000010011110000
0000000100010000
0000001111010000
0000010001110000
0000001001100000
0000000011010000
0000010000010000
0000001001100000
0000000010010000
0000010001100000
0000001100110000
0000000010000000
0000010010010000
0000000000110000
0000000000110000
0000010011110000
0000001101110000
0000000111100000
0000001010000000
0000001111010000
0000000001000000
0000001110100000
0000001110000000
0000001001010000
0000001011110000
0000000110110000
0000000011100000
0000001000000000
0000010010100000
0000000100100000
0000000111010000
0000000110100000
0000000001110000
0000001010010000
0000010000110000
0000010010000000
0000001110100000
0000000111110000
0000000110000000
0000001101110000
0000010001100000
0000010010100000
0000000001110000
0000001001110000
0000000010100000
0000000101000000
0000010001110000
0000000100000000
0000000010100000
0000001010110000
0000000110010000
0000000111110000
0000001111110000
0000010000110000
0000001101100000
0000001000010000
0000001100110000
0000000100010000
0000001100010000
0000001101100000
0000001100000000
0000000111000000
0000000111010000
0000000011100000
0000010000000000
0000001001110000
0000000111000000
0000001111100000
0000000100110000
0000010001000000
0000010000010000
0000010001000000
0000000111100000
0000000111110000
0000010001010000
0000001001010000
0000001011100000
0000001110000000
0000010011010000
0000001011000000
0000001100110000
0000001011100000
0000010010100000
0000010001010000
0000000011100000
0000000011100000
0000000100110000
0000001111000000
0000000100000000
0000010011110000
0000001110010000
0000000011100000
0000010001010000
0000010010010000
0000010011010000
0000001011100000
0000001011010000
0000000011100000
0000001010010000
0000001011000000
0000000011010000
0000001010000000
0000001010110000
0000000100000000
0000001100100000
0000000000100000
0000000110100000
0000001010110000
0000000110100000
0000001100000000
0000000111010000
0000000010110000
0000010010010000
0000001100110000
0000001101010000
0000001101100000
0000001111000000
0000010000110000
0000001010010000
0000000011000000
0000000111100000
0000010000100000
0000000011100000
0000000110100000
0000010011010000
0000010000010000
0000000100100000
0000010100000000
0000000001010000
0000001000100000
0000001000000000
0000001000000000
0000000010010000
0000001000100000
0000001100010000
0000010011110000
0000000100100000
0000000111000000
0000000101010000
0000000101110000
0000000011110000
0000000000100000
0000001001000000
0000000100110000
0000010001010000
0000001010100000
0000010010010000
0000010011100000
0000001011110000
0000000010100000
0000010010100000
0000001011110000
0000010001110000
0000001000100000
0000001100010000
0000000001100000
0000010010100000
0000001100110000
0000000010000000
0000001110000000
0000001000000000
0000000001110000
0000000100010000
0000000101000000
0000000100100000
0000001110000000
0000001111000000
0000001011000000
0000001011000000
0000001100100000
0000010011110000
0000001100110000
0000001100000000
0000010010010000
0000001011100000
0000000110110000
0000010011010000
0000001000110000
0000001100000000
0000001110100000
0000001101100000
0000000100010000
0000000001110000
0000000101100000
0000010001010000
0000001011010000
0000001001010000
0000001000100000
0000001111100000
0000001101000000
0000001101010000
0000000011010000
0000001000110000
0000001010000000
0000000111100000
0000001001100000
0000000110110000
0000001111100000
0000000111110000
0000001110010000
0000001001100000
0000001110100000
0000010010110000
0000001010010000
0000010010000000
0000000100010000
0000010001100000
0000000001110000
0000001001010000
